Solution:
position: 420.98 420.96 -500.00 420.96 420.98 420.95 420.96 420.97 -500.00 420.96 -500.00 421.02 -500.00 420.95 -500.00 -500.00 -500.00 -302.52 -500.00 -500.00 
velocity: 0.00 0.00 -0.00 0.00 -0.00 0.00 0.00 0.00 -0.00 -0.00 -0.00 -0.00 -0.00 0.00 -0.00 -0.00 -0.00 -0.00 -0.00 -0.00 
pbest: 420.98 420.96 -500.00 420.96 420.98 420.95 420.96 420.97 -500.00 420.96 -500.00 421.02 -500.00 420.95 -500.00 -500.00 -500.00 -302.52 -500.00 -500.00 
fitness: 2263.9812
g: 0
Single Thread-CPU run time = 324.826 s
OMP Solution:
position: -302.49 -500.00 420.96 420.99 420.97 420.97 420.97 -500.00 -500.00 420.98 420.97 420.94 -500.00 420.93 420.99 420.97 -500.00 420.97 420.96 420.99 
velocity: 0.00 -0.00 0.00 -0.00 -0.00 0.00 -0.00 -0.00 -0.00 -0.00 -0.00 0.00 -0.00 0.00 -0.00 0.00 0.00 0.00 0.00 -0.00 
pbest: -302.49 -500.00 420.96 420.99 420.97 420.97 420.97 -500.00 -500.00 420.98 420.97 420.94 -500.00 420.93 420.99 420.97 -500.00 420.97 420.96 420.99 
fitness: 1310.4070
g: 0
OPM-CPU run time = 449.326 s
