Rastrigin D=10 Particles=1000 Iterations=1000
==========
Solution:
position: 0.00 -0.00 0.00 -0.00 0.00 -0.00 0.00 0.00 0.00 0.00 
velocity: 0.01 -0.00 0.00 -0.00 0.00 -0.00 -0.01 0.00 -0.00 -0.01 
pbest: 0.00 -0.00 0.00 -0.00 0.00 -0.00 0.00 0.00 0.00 0.00 
fitness: 0.0015
g: 626
Single Thread-CPU run time = 51.047 s
OMP Solution:
position: -0.00 -0.00 0.01 -0.00 -0.00 -0.00 -0.00 -0.00 0.01 0.00 
velocity: 0.00 -0.00 0.00 0.00 -0.00 -0.00 -0.00 0.00 0.00 -0.00 
pbest: -0.00 -0.00 0.00 0.00 -0.00 0.00 -0.00 -0.00 -0.00 0.00 
fitness: 0.0101
g: 560
OPM-CPU run time = 80.827 s
Solution:
position: 0.00 -0.00 -1.00 0.00 -0.00 0.00 -0.00 0.00 -0.01 0.01 
velocity: 0.00 -0.00 -0.00 -0.00 -0.00 0.00 0.00 0.00 -0.00 0.00 
pbest: -0.00 -0.00 -0.99 -0.00 -0.00 0.00 -0.01 0.00 -0.00 0.01 
fitness: 1.0278
g: 534
Single Thread-CPU run time = 43.870 s
OMP Solution:
position: -0.01 0.01 0.01 0.01 -0.00 -0.01 0.00 -0.56 -0.00 -0.00 
velocity: -0.00 0.00 -0.00 -0.00 0.01 0.00 0.01 0.03 -0.00 -0.00 
pbest: 0.00 -0.00 0.01 0.01 0.01 -0.01 -0.00 0.01 -0.00 -0.00 
fitness: 0.0888
g: 650
OPM-CPU run time = 57.377 s
Solution:
position: -0.00 -0.00 -0.01 -0.00 -0.00 -0.00 0.13 0.11 -0.01 0.99 
velocity: 0.00 -0.00 -0.01 -0.00 0.00 0.00 0.39 0.27 -0.00 -0.00 
pbest: -0.00 -0.00 0.00 -0.00 -0.00 -0.00 0.00 0.01 -0.01 0.99 
fitness: 1.0430
g: 678
Single Thread-CPU run time = 46.722 s
OMP Solution:
position: 0.00 0.00 -0.00 0.00 -0.00 -0.00 -0.00 0.00 -0.00 0.00 
velocity: 0.00 0.00 -0.00 -0.00 -0.00 -0.00 0.00 -0.00 -0.00 0.00 
pbest: 0.00 0.00 -0.00 0.00 -0.00 -0.00 -0.00 0.00 -0.00 -0.00 
fitness: 0.0000
g: 693
OPM-CPU run time = 57.065 s

Rastrigin D=20 Particles=2000 Iterations=2000
==========
Solution:
position: 0.00 -1.00 0.99 0.00 0.01 0.00 -0.00 -0.00 -1.00 0.00 0.01 0.01 0.01 -0.00 -0.00 0.00 -0.00 0.01 -1.00 0.00 
velocity: -0.01 -0.00 -0.00 -0.00 0.01 0.00 0.00 -0.00 0.00 0.00 -0.00 0.00 0.01 0.00 -0.00 -0.00 -0.00 0.00 0.00 0.00 
pbest: 0.01 -1.00 0.99 0.00 -0.00 0.00 -0.00 -0.00 -1.00 0.00 0.01 0.00 0.00 -0.00 -0.00 0.00 -0.00 -0.00 -1.00 -0.00 
fitness: 4.0261
g: 674
Single Thread-CPU run time = 144.019 s
OMP Solution:
position: -1.00 -0.00 -0.00 0.00 -0.99 0.00 -0.00 0.00 0.99 0.00 0.00 -0.00 -0.02 -0.00 -0.01 -0.00 0.01 -0.01 0.00 -0.01 
velocity: 0.00 -0.00 -0.00 0.01 -0.00 0.00 -0.00 0.00 0.00 0.00 0.00 -0.00 -0.00 0.00 0.00 -0.00 0.00 -0.00 0.00 0.00 
pbest: -1.00 -0.00 -0.00 0.00 -0.99 0.00 -0.00 0.00 0.99 0.00 0.00 -0.00 -0.01 -0.00 -0.01 0.00 0.00 -0.01 0.00 -0.01 
fitness: 3.0488
g: 21
OPM-CPU run time = 183.258 s
Solution:
position: 0.00 0.01 -0.99 -0.00 1.00 1.00 0.00 0.01 -0.01 -0.00 -0.00 -0.99 1.00 0.99 -0.02 -0.00 0.00 0.00 -0.00 -0.01 
velocity: 0.00 -0.00 -0.01 0.00 -0.00 0.00 -0.00 0.00 0.00 0.00 -0.00 0.00 0.01 0.00 -0.00 0.00 -0.01 -0.00 0.00 0.01 
pbest: 0.00 0.01 -0.99 -0.00 1.00 1.00 0.00 0.01 -0.01 -0.00 -0.00 -0.99 0.99 0.99 0.00 -0.00 0.00 0.00 -0.00 -0.00 
fitness: 6.0406
g: 1177
Single Thread-CPU run time = 121.232 s
OMP Solution:
position: 0.03 0.00 -1.01 0.00 -1.01 -0.99 -0.00 -0.03 -0.02 -0.00 0.00 -0.01 -1.96 -0.01 1.00 -0.01 0.03 -0.01 0.02 -0.00 
velocity: 0.00 -0.01 0.06 -0.00 -0.00 -0.00 -0.00 0.00 0.00 -0.00 -0.00 -0.00 0.00 -0.00 -0.00 0.00 -0.00 0.00 0.00 0.00 
pbest: 0.03 0.01 -0.98 0.00 -1.01 -0.99 -0.00 -0.03 -0.02 -0.00 -0.01 -0.01 -1.97 -0.01 1.00 -0.01 0.02 -0.01 0.02 -0.00 
fitness: 8.7295
g: 1680
OPM-CPU run time = 157.028 s
Solution:
position: 0.00 0.02 -0.05 -0.00 -0.00 0.00 1.00 0.01 0.99 0.99 -0.00 -0.00 -0.00 -0.00 -0.01 -0.01 0.00 0.00 -0.00 -1.00 
velocity: 0.00 0.01 -0.00 0.00 -0.00 -0.00 0.00 -0.00 -0.00 -0.01 0.00 -0.00 0.00 0.00 -0.00 -0.01 0.00 -0.00 -0.00 -0.00 
pbest: 0.00 0.01 0.00 -0.00 -0.00 0.00 0.99 0.01 0.99 1.00 -0.00 -0.00 -0.00 -0.00 -0.01 0.00 0.00 0.00 -0.00 -1.00 
fitness: 4.0485
g: 262
Single Thread-CPU run time = 152.570 s
OMP Solution:
position: -0.00 -0.00 -1.00 -0.00 0.00 0.99 -0.00 0.00 -0.00 -0.00 0.00 0.00 0.00 -0.00 0.00 -0.99 -0.00 -0.00 -0.00 -0.00 
velocity: -0.00 0.00 -0.00 0.00 -0.00 -0.00 -0.00 0.00 -0.00 -0.00 0.00 -0.00 0.00 -0.00 0.00 0.00 0.00 0.00 -0.00 0.00 
pbest: -0.00 -0.00 -1.00 -0.00 0.00 0.99 -0.00 0.00 -0.00 -0.00 0.00 0.00 0.00 -0.00 0.00 -0.99 -0.00 -0.00 -0.00 -0.00 
fitness: 2.9888
g: 162
OPM-CPU run time = 203.416 s
