Rastrigin D=10 Particles=1000 Iterations=1000
==========
Solution:
position: 0.00 -0.00 0.00 0.10 0.00 0.00 0.00 0.00 0.00 -0.01 
velocity: -0.00 0.00 0.00 0.02 0.00 0.00 -0.00 0.00 0.00 -0.01 
pbest: 0.00 -0.00 0.00 -0.00 -0.00 0.00 0.00 -0.00 0.01 0.00 
fitness: 0.0111
g: 566
Single Thread-CPU run time = 45.839 s
OMP Solution:
position: -0.00 -0.01 0.00 -0.00 0.01 0.01 -0.00 0.00 -0.00 0.00 
velocity: 0.00 0.02 0.01 0.02 0.00 -1.09 -0.00 0.01 -0.01 0.07 
pbest: -0.00 -0.01 0.00 -0.00 0.01 0.01 -0.00 0.00 -0.00 0.00 
fitness: 0.0922
g: 601
OPM-CPU run time = 55.495 s
Solution:
position: -0.00 0.00 0.00 -0.00 -0.00 -0.00 -0.00 0.01 0.00 0.00 
velocity: -0.00 0.00 0.00 0.00 -0.00 0.00 -0.00 0.01 0.00 0.00 
pbest: 0.00 0.00 -0.00 -0.00 -0.00 -0.00 -0.00 0.00 0.00 0.00 
fitness: 0.0003
g: 100
Single Thread-CPU run time = 45.985 s
OMP Solution:
position: -0.00 -0.01 -0.01 0.00 -0.01 -0.07 -0.00 -0.01 0.01 -0.01 
velocity: -0.00 0.01 -0.01 0.00 0.00 -0.00 0.01 -0.00 -0.00 -0.02 
pbest: -0.00 -0.00 -0.00 -0.00 -0.01 0.00 -0.00 -0.01 0.01 0.01 
fitness: 0.0525
g: 681
OPM-CPU run time = 53.845 s
Solution:
position: 0.00 -0.12 -0.00 -0.00 0.00 -0.00 0.00 0.00 0.00 -0.01 
velocity: -0.00 0.27 -0.00 0.00 -0.00 -0.00 0.01 0.00 0.00 -0.00 
pbest: 0.00 -0.00 -0.00 -0.00 0.00 -0.00 -0.00 0.00 0.00 -0.01 
fitness: 0.0156
g: 16
Single Thread-CPU run time = 46.118 s
OMP Solution:
position: 0.00 -0.03 0.00 -0.00 -0.01 -0.00 0.03 -0.00 0.01 -0.01 
velocity: 0.00 -0.01 -0.01 -0.00 -0.01 0.00 -0.02 0.00 0.00 -0.00 
pbest: -0.00 -0.01 0.00 -0.00 0.00 0.00 -0.01 -0.00 0.00 -0.01 
fitness: 0.0822
g: 751
OPM-CPU run time = 50.828 s

Rastrigin D=20 Particles=2000 Iterations=2000
==========
Solution:
position: -0.01 -0.99 0.01 0.00 -0.01 0.00 0.00 -0.00 -0.00 0.01 -0.01 0.01 -0.01 0.00 1.00 0.00 -0.01 1.00 -0.00 -0.01 
velocity: -0.01 -0.00 -0.00 -0.00 -0.01 -0.00 0.00 0.00 -0.01 0.01 0.00 -0.02 -0.00 -0.00 -0.00 0.00 -0.00 0.00 0.00 0.00 
pbest: -0.00 -0.99 0.01 -0.00 -0.01 0.00 0.00 -0.01 -0.00 0.00 -0.01 -0.00 -0.01 0.01 1.00 0.00 -0.01 1.00 -0.00 -0.01 
fitness: 3.0899
g: 7
Single Thread-CPU run time = 157.028 s
OMP Solution:
position: 0.01 0.00 0.00 0.00 -0.01 0.99 -0.01 -0.01 0.00 -0.00 -0.00 0.00 -0.00 0.99 1.00 0.00 1.00 -0.01 0.00 0.01 
velocity: -0.00 0.01 -0.02 0.01 0.00 0.01 -0.00 0.00 -0.00 0.02 -0.01 -0.00 -0.00 -0.00 0.01 0.00 -0.00 -0.00 0.00 0.00 
pbest: 0.01 0.00 0.00 0.00 -0.01 0.99 -0.01 -0.01 0.00 -0.00 -0.00 0.00 -0.00 0.99 1.00 0.00 1.00 -0.01 0.00 0.01 
fitness: 4.0857
g: 96
OPM-CPU run time = 178.426 s
Solution:
position: -0.00 -0.97 0.00 -0.00 0.00 0.00 -0.00 -0.03 -0.00 -0.00 -0.00 0.00 -1.00 0.99 0.01 0.00 -0.00 -0.00 0.01 -0.01 
velocity: -0.00 -0.00 -0.00 0.00 -0.00 0.00 0.00 -0.01 -0.00 -0.00 0.00 -0.00 -0.00 0.00 0.00 -0.00 -0.00 -0.00 0.00 0.00 
pbest: 0.00 -0.99 0.00 0.00 -0.00 0.00 -0.00 0.00 -0.00 -0.00 -0.00 0.00 -1.00 0.98 0.01 0.00 -0.00 -0.00 0.00 -0.00 
fitness: 3.0481
g: 834
Single Thread-CPU run time = 165.450 s
OMP Solution:
position: 0.00 -1.03 0.73 0.03 0.02 0.00 -1.00 -0.01 0.00 0.02 -0.02 -0.01 0.01 -0.00 0.03 -0.00 1.02 -0.01 0.05 -1.02 
velocity: -0.00 -0.00 0.74 0.00 0.00 -0.00 -0.01 -0.00 -0.00 0.01 -0.01 -0.00 0.01 -0.00 -0.00 -0.00 0.01 0.00 0.04 -0.03 
pbest: 0.01 -1.03 -0.01 0.03 0.02 0.00 -1.00 -0.00 0.00 0.01 -0.00 -0.01 0.00 0.00 0.03 -0.00 1.00 -0.01 0.01 -0.99 
fitness: 4.7435
g: 81
OPM-CPU run time = 204.555 s
Solution:
position: 0.01 0.01 -0.01 0.00 0.01 -0.00 -0.99 0.02 0.00 0.01 -0.01 0.01 -0.01 0.01 1.00 0.01 -0.00 -0.00 -0.01 0.02 
velocity: 0.00 -0.00 0.00 0.00 -0.00 0.00 0.00 0.03 -0.00 -0.00 0.00 -0.00 -0.00 -0.00 0.00 0.01 -0.00 -0.00 0.00 0.01 
pbest: 0.01 0.01 -0.01 0.00 0.01 -0.00 -1.00 0.01 0.00 0.01 -0.01 0.01 -0.01 0.01 1.00 -0.00 -0.00 0.00 -0.01 -0.01 
fitness: 2.1633
g: 275
Single Thread-CPU run time = 139.058 s
OMP Solution:
position: -0.00 0.01 -0.01 0.07 -0.03 -0.01 -0.00 -0.01 0.01 -0.99 0.01 -0.99 0.98 -0.01 0.01 0.01 0.99 0.02 -0.01 -0.01 
velocity: 0.00 0.00 -0.00 0.09 -0.01 -0.01 0.00 -0.00 0.01 0.01 -0.00 0.01 -0.01 0.00 0.00 0.02 -0.00 0.00 0.00 -0.00 
pbest: -0.00 0.00 -0.01 -0.02 -0.02 0.00 -0.00 -0.01 0.00 -0.99 0.01 -1.00 0.99 -0.01 0.01 -0.01 0.99 0.02 -0.02 -0.01 
fitness: 4.3949
g: 1734
OPM-CPU run time = 174.329 s
