Rastrigin D=10 Particles=1000 Iterations=1000
==========
Solution:
position: 0.00 -0.00 -0.00 -0.00 -0.00 0.00 0.00 0.00 0.00 0.00 
velocity: -0.00 -0.00 0.00 0.00 -0.00 0.00 0.00 0.00 0.00 -0.00 
pbest: 0.00 0.00 -0.00 0.00 0.00 0.00 0.00 0.00 -0.00 -0.00 
fitness: 0.0000
g: 420
Single Thread-CPU run time = 18.072 s
OMP Solution:
position: 0.00 0.00 0.00 0.00 -0.00 -0.00 -0.00 0.00 0.00 -0.00 
velocity: 0.00 -0.00 0.00 0.00 -0.00 -0.00 -0.00 -0.00 -0.00 -0.00 
pbest: 0.00 -0.00 0.00 0.00 -0.00 -0.00 0.00 0.00 0.00 -0.00 
fitness: 0.0001
g: 70
OPM-CPU run time = 41.095 s
Solution:
position: -0.00 -0.00 -0.00 -0.00 0.00 0.00 -0.00 0.00 -0.00 -0.00 
velocity: -0.00 0.00 -0.00 -0.00 -0.00 0.00 0.00 -0.00 -0.00 -0.00 
pbest: -0.00 -0.00 -0.00 0.00 0.00 0.00 -0.00 0.00 -0.00 -0.00 
fitness: 0.0014
g: 663
Single Thread-CPU run time = 18.053 s
OMP Solution:
position: -0.00 0.00 0.00 0.00 0.00 -0.00 -0.00 -0.00 -0.00 -0.00 
velocity: -0.00 -0.00 0.00 0.00 -0.00 0.00 0.00 0.00 -0.00 0.00 
pbest: -0.00 0.00 0.00 0.00 0.00 -0.00 -0.00 -0.00 -0.00 -0.00 
fitness: 0.0000
g: 155
OPM-CPU run time = 41.990 s
Solution:
position: -0.00 0.00 -0.00 0.00 -0.00 -0.00 -0.00 -0.00 -0.00 -0.00 
velocity: -0.00 -0.00 0.00 0.00 0.00 0.00 0.00 -0.00 -0.00 -0.00 
pbest: -0.00 0.00 -0.00 0.00 -0.00 -0.00 -0.00 -0.00 -0.00 -0.00 
fitness: 0.0006
g: 122
Single Thread-CPU run time = 16.303 s
OMP Solution:
position: -0.01 -0.01 0.01 0.02 -0.01 0.00 -0.01 0.01 -0.01 -0.01 
velocity: 0.00 0.00 0.00 -0.11 0.00 -0.00 -0.00 -0.00 0.00 -0.00 
pbest: -0.00 -0.01 0.01 0.01 -0.01 0.00 -0.00 0.01 -0.01 -0.01 
fitness: 0.1104
g: 878
OPM-CPU run time = 37.669 s

Rastrigin D=20 Particles=4000 Iterations=2000
==========
Solution:
position: 0.00 0.00 0.00 0.00 -0.00 -0.99 -0.00 -0.00 0.00 0.00 -0.00 -0.00 -0.99 0.99 0.00 -0.00 -0.00 -0.00 -0.00 0.01 
velocity: 0.00 -0.01 0.00 0.00 -0.00 -0.00 0.00 -0.00 -0.00 -0.00 0.00 -0.00 -0.00 -0.00 0.00 0.00 0.00 0.00 0.00 -0.00 
pbest: 0.00 0.00 0.00 0.00 -0.00 -0.99 -0.00 -0.00 0.00 0.00 -0.00 -0.00 -0.99 0.99 0.00 -0.00 -0.00 -0.00 -0.00 0.01 
fitness: 3.0105
g: 1595
Single Thread-CPU run time = 79.647 s
OMP Solution:
position: 0.01 -0.00 1.00 0.01 -0.01 -0.01 -1.00 -0.01 0.00 0.00 -0.00 0.00 0.01 0.01 -0.01 0.00 0.00 0.00 -0.01 -0.99 
velocity: 0.00 -0.00 -0.00 0.00 0.08 -0.00 0.00 -0.00 -0.00 0.00 0.00 -0.00 0.00 0.00 0.00 -0.00 0.00 -0.00 0.00 0.00 
pbest: 0.01 -0.00 1.00 0.01 -0.00 -0.01 -1.00 -0.01 0.00 0.00 -0.00 0.00 -0.00 0.01 -0.01 0.00 0.00 0.01 -0.01 -0.99 
fitness: 3.1191
g: 3701
OPM-CPU run time = 169.762 s
Solution:
position: 0.00 0.00 -0.00 0.00 0.00 0.00 0.00 0.01 0.01 0.00 0.00 -0.00 0.00 0.00 0.00 -0.00 0.00 0.00 0.00 0.01 
velocity: 0.00 -0.00 -0.00 0.00 0.00 0.00 -0.00 0.00 0.01 -0.00 -0.00 -0.01 0.01 0.00 -0.00 0.00 -0.00 -0.00 -0.00 0.00 
pbest: -0.00 -0.00 0.00 0.00 0.00 0.00 0.00 0.00 -0.00 0.00 -0.00 0.00 -0.00 0.00 0.00 -0.00 0.01 0.00 0.00 0.00 
fitness: 0.0195
g: 1008
Single Thread-CPU run time = 74.582 s
OMP Solution:
position: -0.00 -1.00 0.99 0.00 -1.01 0.00 0.01 0.01 0.99 -0.02 -0.99 0.01 0.00 0.01 -0.00 -0.01 0.00 -0.00 0.01 -0.00 
velocity: -0.00 -0.00 0.00 -0.00 -0.00 0.00 0.00 0.00 0.00 -0.01 0.00 0.00 0.00 -0.00 -0.00 -0.00 -0.00 0.01 -0.00 0.00 
pbest: -0.00 -1.00 0.99 0.00 -1.01 0.00 0.01 0.00 0.99 -0.00 -0.99 0.01 0.01 0.01 -0.00 -0.01 0.00 -0.01 0.00 -0.00 
fitness: 5.1395
g: 1534
OPM-CPU run time = 171.826 s
Solution:
position: 0.99 -1.47 0.02 0.02 0.00 -0.00 -0.97 -0.99 -0.00 -0.10 0.01 0.00 0.00 1.00 -0.00 -0.01 -0.00 -0.01 -0.01 -0.00 
velocity: -0.00 -0.57 0.00 0.01 -0.00 -0.00 0.03 -0.00 0.00 -0.35 0.00 0.00 -0.00 0.00 -0.01 0.00 0.01 -0.00 -0.00 -0.00 
pbest: 0.99 -0.01 0.01 0.02 0.00 -0.01 -0.98 -1.00 -0.00 -0.00 0.01 0.00 0.00 1.00 0.01 -0.01 -0.00 -0.00 -0.01 -0.00 
fitness: 4.2147
g: 3935
Single Thread-CPU run time = 74.887 s
OMP Solution:
position: -0.01 -1.00 -0.00 0.01 0.01 -0.99 -0.00 0.00 0.99 0.00 -0.00 -0.00 -0.00 -0.01 -0.00 -0.00 0.00 0.01 0.00 -0.00 
velocity: 0.00 -0.00 -0.00 -0.01 -0.01 0.01 -0.00 0.00 -0.00 0.00 0.00 0.00 0.00 -0.00 -0.00 0.00 0.00 0.00 0.00 0.00 
pbest: -0.01 -1.00 0.00 -0.00 0.00 -0.99 -0.00 0.00 0.99 0.00 -0.00 -0.00 -0.00 -0.00 -0.00 -0.00 0.00 0.00 0.00 -0.00 
fitness: 3.0418
g: 33
OPM-CPU run time = 172.563 s
